claims1<- c(0,0,0,0,0,0,0,0,0,0,0,0,0,0,1,1,1,
            1,
            0,
            0,
            0,
            0,
            0,
            1,
            1,
            0,
            0,
            0,
            0,
            0,
            0,
            0,
            0,
            0,
            1,
            0,
            1,
            0,
            1,
            2,
            0,
            0,
            0,
            1,
            0,
            0,
            0,
            0,
            0,
            0,
            0,
            0,
            0,
            0,
            0,
            0,
            0,
            0,
            0,
            0,
            0,
            0,
            0,
            0,
            0,
            0,
            1,
            0,
            1,
            0,
            1,
            0,
            0,
            0,
            0,
            0,
            0,
            0,
            0,
            0,
            0,
            1,
            0,
            0,
            0,
            0,
            0,
            0,
            0,
            0,
            0,
            0,
            0,
            0,
            0,
            0,
            0,
            0,
            0,
            0,
            1,
            1,
            2,
            1,
            1,
            1,
            1,
            1,
            2,
            1,
            1,
            1,
            1,
            1,
            1,
            1,2,2,2,1)
claims1 <- as.ts(claims1)

claims2 <- c(0,
             0,
             0,
             0,
             0,
             0,
             0,
             0,
             0,
             0,
             0,
             0,
             0,
             0,
             1,
             1,
             1,
             1,
             0,
             0,
             0,
             0,
             0,
             1,
             1,
             0,
             0,
             0,
             0,
             0,
             0,
             0,
             0,
             0,
             1,
             0,
             1,
             0,
             1,
             2,
             0,
             0,
             0,
             1,
             0,
             0,
             0,
             0,
             0,
             0,
             0,
             0,
             0,
             0,
             0,
             0,
             0,
             0,
             0,
             0,
             0,
             0,
             0,
             0,
             0,
             0,
             1,
             0,
             1,
             0,
             1,
             0,
             0,
             0,
             0,
             0,
             0,
             0,
             0,
             0,
             0,
             1,
             0,
             0,
             0,
             0,
             0,
             0,
             0,
             0,
             0,
             0,
             0,
             0,
             0,
             0,
             0,
             0,
             0,
             0,
             0,
             0,
             1,
             0,
             0,
             0,
             0,
             0,
             1,
             0,
             0,
             0,
             0,
             0,
             0,
             0,
             1,
             1,
             1,
             0
)
claims2 <- as.ts(claims2)

claims3 <- c(9,	
             6,	
             6,	
             7,	
             10,	
             8,	
             14,	
             8,	
             7,	
             10,	
             10,	
             12,	
             8,	
             8,	
             8,	
             8,	
             13,	
             12,	
             14,	
             13,	
             13,	
             8,	
             13,	
             10,	
             12,	
             12,	
             9,	
             8,	
             13,	
             9,	
             8,	
             6,	
             7,	
             10,	
             17,	
             11,	
             13,	
             10,	
             9,	
             15,	
             13,	
             12,	
             8,	
             8,	
             9,	
             9,	
             12,	
             9,	
             5,	
             9,	
             10,	
             6,	
             8,	
             17,	
             16,	
             17,	
             16,	
             8,	
             10,	7,	
             8,	
             7,	
             4,	
             5,	
             4,	
             4,	
             10,	
             9,	
             12,	
             12,	
             11,	
             9,	
             8,	
             9,	
             8,	
             6,	
             8,	
             13,	
             13,	
             10,	
             7,	
             17,	
             14,	
             10,	
             12,	
             6,	
             4,	
             7,	
             8,	
             10,	
             16,	
             15,	
             10,	
             14,	
             16,	
             12,	
             10,	
             11,	
             10,	
             8,	
             9,	
             10,	
             13,	
             6,	
             8,	
             9,	
             6,	
             9,	
             12,	
             8,	
             9,	
             5,	
             6,	
             9,	
             9,	
             13,	
             12,	
             10,	
             9,	
             7	
)
claims3 <- as.ts(claims3)


claims4 <-c(6,	
            7,	
            8,	
            9,	
            6,	
            8,	
            5,	
            3,	
            7,	
            11,	
            8,	
            4,	
            2,	
            3,	
            4,	
            5,	
            7,	
            8,	
            12,	
            11,	
            12,	
            6,	
            2,	
            2,	
            3,	
            3,	
            5,	
            6,	
            13,	
            12,	
            21,	
            9,	
            11,	
            11,	
            10,	
            8,	
            5,	
            4,	
            4,	
            4,	
            2,	
            9,	
            8,	
            5,	
            10,	
            12,	
            11,	
            9,	
            4,	
            5,	
            5,	
            10,	
            14,	
            7,	
            11,	
            12,	
            7,	
            8,	
            14,	
            6,	
            4,	
            3,	
            4,	
            4,	
            7,	
            6,	
            9,	
            8,	
            2,	
            4,	
            3,	
            1,	
            3,	
            1,	
            4,	
            3,	
            5,	
            3,	
            8,	
            11,	
            7,	
            9,	
            5,	
            3,	
            6,	
            4,	
            5,	
            6,	
            7,	
            7,	
            3,	
            5,	
            5,	
            4,	
            4,	
            2,	
            3,	
            6,	
            3,	
            1,	
            3,	
            6,	
            5,	
            9,	
            9,	
            5,	
            6,	
            4,	
            6,	
            2,	
            4,	
            1,	
            6,	
            5,	
            3,	
            2,	
            2,	
            2,	
            9,	
            5	
)
claims4 <- as.ts(claims4)

